50 50 50 50
50 50 50 50
50 50 50 50
50 50 50 50
50 50 50 50
45 47 50 50
46 47 49 47
35 35 49 48
40 40 50 49
48 46 50 49

35 40 49 43
40 40 50 48
35 35 48 45
40 40 49 45
39 40 49 47
40 40 50 49
30 30 48 48
25 35 45 46
37 35 50 43
40 40 49 47

32 40 50 37
40 35 48 42
35 35 48 40
40 38 49 40
45 35 45 38
32 30 49 34
40 35 50 42
42 38 49 41
40 36 48 42
34 34 47 36

36 36 47 34
40 35 49 36
40 45 48 35
35 40 48 35
32 36 49 31
35 40 48 40
35 30 48 30
35 35 48 33
35 40 46 38
45 35 48 42

30 35 49 28
30 35 44 26
38 30 50 28
30 35 46 28
35 32 43 24