35 40 49 50
40 40 50 48
40 40 49 48
45 45 50 50
39 45 50 48
40 40 50 50
35 40 50 48
38 40 50 49
38 40 49 49
40 45 49 49

36 42 49 47
39 39 48 43
39 41 49 47
43 45 49 46
30 30 48 48
35 35 47 45
34 40 49 40
36 36 50 45
42 40 50 49
33 36 49 47

37 37 49 39
35 35 49 42
40 40 49 37
30 30 48 34
35 35 50 42
40 40 50 44
30 40 48 40
30 35 50 41
38 38 49 38
35 35 48 45

30 30 46 35
35 35 47 34
35 35 49 32
32 32 48 32
30 40 47 30
30 30 50 34
35 35 50 38
30 35 45 38
38 30 45 38
40 25 45 34

40 30 47 34
32 36 46 27
33 25 40 28
32 32 43 29
35 30 42 25

