35 35 49 48
35 45 50 49
40 40 50 49
32 42 49 48
46 47 50 50
40 40 50 48
37 42 50 50
41 44 50 47
40 40 50 50
35 45 50 50

38 38 49 47
25 42 48 46
35 42 49 45
38 40 49 47
30 35 49 43
40 40 50 46
30 40 48 49
36 36 49 46
35 40 48 44
35 40 50 48

35 40 48 39
40 30 47 40
38 38 48 45
30 40 48 38
32 38 47 36
35 40 48 40
35 40 46 38
35 40 45 40
45 30 50 41
34 40 49 42

32 32 48 27
40 30 49 32
25 35 49 30
40 30 47 36
35 30 48 28
30 40 48 34
32 30 49 34
30 35 48 35
32 35 49 34
40 35 47 39

34 34 47 26
39 29 49 26
29 35 47 21
34 34 48 26
40 32 48 29
